2 00000000
2 00000020
2 00000040
2 00000060
2 00000080
2 000000A0
2 000000C0
2 000000E0
2 00000100
2 00000120
2 00000140
2 00000160
2 00000180
2 000001A0
2 000001C0
2 000001E0
2 00000200
2 00000220
2 00000240
2 00000260
2 00000280
2 000002A0
2 000002C0
2 000002E0
2 00000300
2 00000320
2 00000340
2 00000360
2 00000380
2 000003A0
2 000003C0
2 000003E0
2 00000400
2 00000420
2 00000440
2 00000460
2 00000480
2 000004A0
2 000004C0
2 000004E0
2 00000500
2 00000520
2 00000540
2 00000560
2 00000580
2 000005A0
2 000005C0
2 000005E0
2 00000600
2 00000620
2 00000640
2 00000660
2 00000680
2 000006A0
2 000006C0
2 000006E0
2 00000700
2 00000720
2 00000740
2 00000760
2 00000780
2 000007A0
2 000007C0
2 000007E0
2 00000800
2 00000820
2 00000840
2 00000860
2 00000880
2 000008A0
2 000008C0
2 000008E0
2 00000900
2 00000920
2 00000940
2 00000960
2 00000980
2 000009A0
2 000009C0
2 000009E0
2 00000A00
2 00000A20
2 00000A40
2 00000A60
2 00000A80
2 00000AA0
2 00000AC0
2 00000AE0
2 00000B00
2 00000B20
2 00000B40
2 00000B60
2 00000B80
2 00000BA0
2 00000BC0
2 00000BE0
2 00000C00
2 00000C20
2 00000C40
2 00000C60
2 00000C80
2 00000CA0
2 00000CC0
2 00000CE0
2 00000D00
2 00000D20
2 00000D40
2 00000D60
2 00000D80
2 00000DA0
2 00000DC0
2 00000DE0
2 00000E00
2 00000E20
2 00000E40
2 00000E60
2 00000E80
2 00000EA0
2 00000EC0
2 00000EE0
2 00000F00
2 00000F20
2 00000F40
2 00000F60
2 00000F80
2 00000FA0
2 00000FC0
2 00000FE0
2 00001000
2 00001020
2 00001040
2 00001060
2 00001080
2 000010A0
2 000010C0
2 000010E0
2 00001100
2 00001120
2 00001140
2 00001160
2 00001180
2 000011A0
2 000011C0
2 000011E0
2 00001200
2 00001220
2 00001240
2 00001260
2 00001280
2 000012A0
2 000012C0
2 000012E0
2 00001300
2 00001320
2 00001340
2 00001360
2 00001380
2 000013A0
2 000013C0
2 000013E0
2 00001400
2 00001420
2 00001440
2 00001460
2 00001480
2 000014A0
2 000014C0
2 000014E0
2 00001500
2 00001520
2 00001540
2 00001560
2 00001580
2 000015A0
2 000015C0
2 000015E0
2 00001600
2 00001620
2 00001640
2 00001660
2 00001680
2 000016A0
2 000016C0
2 000016E0
2 00001700
2 00001720
2 00001740
2 00001760
2 00001780
2 000017A0
2 000017C0
2 000017E0
2 00001800
2 00001820
2 00001840
2 00001860
2 00001880
2 000018A0
2 000018C0
2 000018E0
2 00001900
2 00001920
2 00001940
2 00001960
2 00001980
2 000019A0
2 000019C0
2 000019E0
2 00001A00
2 00001A20
2 00001A40
2 00001A60
2 00001A80
2 00001AA0
2 00001AC0
2 00001AE0
2 00001B00
2 00001B20
2 00001B40
2 00001B60
2 00001B80
2 00001BA0
2 00001BC0
2 00001BE0
2 00001C00
2 00001C20
2 00001C40
2 00001C60
2 00001C80
2 00001CA0
2 00001CC0
2 00001CE0
2 00001D00
2 00001D20
2 00001D40
2 00001D60
2 00001D80
2 00001DA0
2 00001DC0
2 00001DE0
2 00001E00
2 00001E20
2 00001E40
2 00001E60
2 00001E80
2 00001EA0
2 00001EC0
2 00001EE0
2 00001F00
2 00001F20
2 00001F40
2 00001F60
2 00001F80
2 00001FA0
2 00001FC0
2 00001FE0
2 00001000
2 00001020
2 00001040
2 00001060
2 00001080
2 000010A0
2 000010C0
2 000010E0
2 00001100
2 00001120
2 00001140
2 00001160
2 00001180
2 000011A0
2 000011C0
2 000011E0
2 00001200
2 00001220
2 00001240
2 00001260
2 00001280
2 000012A0
2 000012C0
2 000012E0
2 00001300
2 00001320
2 00001340
2 00001360
2 00001380
2 000013A0
2 000013C0
2 000013E0
2 00001400
2 00001420
2 00001440
2 00001460
2 00001480
2 000014A0
2 000014C0
2 000014E0
2 00001500
2 00001520
2 00001540
2 00001560
2 00001580
2 000015A0
2 000015C0
2 000015E0
2 00001600
2 00001620
2 00001640
2 00001660
2 00001680
2 000016A0
2 000016C0
2 000016E0
2 00001700
2 00001720
2 00001740
2 00001760
2 00001780
2 000017A0
2 000017C0
2 000017E0
2 00001800
2 00001820
2 00001840
2 00001860
2 00001880
2 000018A0
2 000018C0
2 000018E0
2 00001900
2 00001920
2 00001940
2 00001960
2 00001980
2 000019A0
2 000019C0
2 000019E0
2 00001A00
2 00001A20
2 00001A40
2 00001A60
2 00001A80
2 00001AA0
2 00001AC0
2 00001AE0
2 00001B00
2 00001B20
2 00001B40
2 00001B60
2 00001B80
2 00001BA0
2 00001BC0
2 00001BE0
2 00001C00
2 00001C20
2 00001C40
2 00001C60
2 00001C80
2 00001CA0
2 00001CC0
2 00001CE0
2 00001D00
2 00001D20
2 00001D40
2 00001D60
2 00001D80
2 00001DA0
2 00001DC0
2 00001DE0
2 00001E00
2 00001E20
2 00001E40
2 00001E60
2 00001E80
2 00001EA0
2 00001EC0
2 00001EE0
2 00001F00
2 00001F20
2 00001F40
2 00001F60
2 00001F80
2 00001FA0
2 00001FC0
2 00001FE0
2 00001000
2 00001020
2 00001040
2 00001060
2 00001080
2 000010A0
2 000010C0
2 000010E0
2 00001100
2 00001120
2 00001140
2 00001160
2 00001180
2 000011A0
2 000011C0
2 000011E0
2 00001200
2 00001220
2 00001240
2 00001260
2 00001280
2 000012A0
2 000012C0
2 000012E0
2 00001300
2 00001320
2 00001340
2 00001360
2 00001380
2 000013A0
2 000013C0
2 000013E0
2 00001400
2 00001420
2 00001440
2 00001460
2 00001480
2 000014A0
2 000014C0
2 000014E0
2 00001500
2 00001520
2 00001540
2 00001560
2 00001580
2 000015A0
2 000015C0
2 000015E0
2 00001600
2 00001620
2 00001640
2 00001660
2 00001680
2 000016A0
2 000016C0
2 000016E0
2 00001700
2 00001720
2 00001740
2 00001760
2 00001780
2 000017A0
2 000017C0
2 000017E0
2 00001800
2 00001820
2 00001840
2 00001860
2 00001880
2 000018A0
2 000018C0
2 000018E0
2 00001900
2 00001920
2 00001940
2 00001960
2 00001980
2 000019A0
2 000019C0
2 000019E0
2 00001A00
2 00001A20
2 00001A40
2 00001A60
2 00001A80
2 00001AA0
2 00001AC0
2 00001AE0
2 00001B00
2 00001B20
2 00001B40
2 00001B60
2 00001B80
2 00001BA0
2 00001BC0
2 00001BE0
2 00001C00
2 00001C20
2 00001C40
2 00001C60
2 00001C80
2 00001CA0
2 00001CC0
2 00001CE0
2 00001D00
2 00001D20
2 00001D40
2 00001D60
2 00001D80
2 00001DA0
2 00001DC0
2 00001DE0
2 00001E00
2 00001E20
2 00001E40
2 00001E60
2 00001E80
2 00001EA0
2 00001EC0
2 00001EE0
2 00001F00
2 00001F20
2 00001F40
2 00001F60
2 00001F80
2 00001FA0
2 00001FC0
2 00001FE0
